652149
956387
856723
453921
956387
659387
753189
253179
753189
152387
258793
354169
254931
754189
958763
653941
857961
156327
156347
356921
258713
356921
156327
951387
856723
753149
156327
456327
156347
459317
756298
253179
156397
251347
156397
854971
356921
657149
154723
256931
653921
652179
256981
456317
652179
754189
652179
457189
354169
653941
156387
159278
854971
358149
856793
758941
154783
257139
356981
456327
156347
513764
658793
857961
657149
567389
456387
459387
657129
756298
152387
457129
356941
657129
958763
458397
856723
456327
256931
251347
658793
951347
251347
251347
458397
459387
852397
457129
951347
257139
356981
256971
356921
159278
156397
653921
658793
251347
754189
854961
357169
457139
453921
257139
854961
756298
358149
453981
851397
256971
352149
256981
154783
654971
356941
